		video	AGE	pEPs	pCEPs	MSSSIM	PSNR	CQM
backgrou: 
		adver:	3.6558	0.0266	0.0048	0.9690	31.1718	31.9331

backgrou_AVG:		3.6558	0.0266	0.0048	0.9690	31.1718	31.9331

basic: 
		511:	6.8602	0.0809	0.0039	0.9363	26.1866	28.2366
		Blurr:	13.5519	0.2760	0.1207	0.8581	22.6955	23.5713

basic_AVG:		10.2060	0.1784	0.0623	0.8972	24.4411	25.9040

clutter: 
		Board:	19.5239	0.2025	0.0942	0.8050	16.7349	17.9569
		boule:	11.8162	0.2031	0.0723	0.6517	22.0095	23.3551

clutter_AVG:		15.6701	0.2028	0.0833	0.7283	19.3722	20.6560

illumina: 
		Camer:	23.4100	0.1922	0.0554	0.6124	12.7857	14.0693

illumina_AVG:		23.4100	0.1922	0.0554	0.6124	12.7857	14.0693

intermit: 
		AVSS2:	20.9236	0.2147	0.1345	0.7396	16.0660	17.1168
		busSt:	8.6522	0.1154	0.0266	0.8592	22.1524	23.1279

intermit_AVG:		14.7879	0.1650	0.0805	0.7994	19.1092	20.1223

jitter: 
		badmi:	8.0977	0.1033	0.0218	0.7754	24.4920	25.2862
		boule:	14.9057	0.2116	0.0569	0.7925	18.9637	20.3752

jitter_AVG:		11.5017	0.1575	0.0394	0.7839	21.7278	22.8307

veryLong: 
		BusSt:	8.4319	0.0917	0.0017	0.9614	25.6902	26.2921

veryLong_AVG:		8.4319	0.0917	0.0017	0.9614	25.6902	26.2921

Total:			12.5233	0.1449	0.0468	0.8217	22.0426	23.1154
		video	AGE	pEPs	pCEPs	MSSSIM	PSNR	CQM
backgrou: 
		adver:	3.6558	0.0266	0.0048	0.9690	31.1718	31.9331

backgrou_AVG:		3.6558	0.0266	0.0048	0.9690	31.1718	31.9331

basic: 
		511:	6.8602	0.0809	0.0039	0.9363	26.1866	28.2366
		Blurr:	13.5519	0.2760	0.1207	0.8581	22.6955	23.5713

basic_AVG:		10.2060	0.1784	0.0623	0.8972	24.4411	25.9040

clutter: 
		Board:	19.5239	0.2025	0.0942	0.8050	16.7349	17.9569
		boule:	11.8162	0.2031	0.0723	0.6517	22.0095	23.3551

clutter_AVG:		15.6701	0.2028	0.0833	0.7283	19.3722	20.6560

illumina: 
		Camer:	23.4100	0.1922	0.0554	0.6124	12.7857	14.0693

illumina_AVG:		23.4100	0.1922	0.0554	0.6124	12.7857	14.0693

intermit: 
		AVSS2:	20.9236	0.2147	0.1345	0.7396	16.0660	17.1168
		busSt:	8.6522	0.1154	0.0266	0.8592	22.1524	23.1279

intermit_AVG:		14.7879	0.1650	0.0805	0.7994	19.1092	20.1223

jitter: 
		badmi:	8.0977	0.1033	0.0218	0.7754	24.4920	25.2862
		boule:	14.9057	0.2116	0.0569	0.7925	18.9637	20.3752

jitter_AVG:		11.5017	0.1575	0.0394	0.7839	21.7278	22.8307

veryLong: 
		BusSt:	8.4319	0.0917	0.0017	0.9614	25.6902	26.2921

veryLong_AVG:		8.4319	0.0917	0.0017	0.9614	25.6902	26.2921

veryShor: 
		CUHK_:	129.3111	0.7215	0.6079	0.1583	4.0546	5.5286
		Dynam:	84.8926	0.6564	0.3862	0.3521	6.6920	7.8356

veryShor_AVG:		107.1019	0.6890	0.4971	0.2552	5.3733	6.6821

Total:			24.3457	0.2129	0.1031	0.7509	19.9589	21.0612
		video	AGE	pEPs	pCEPs	MSSSIM	PSNR	CQM
backgrou: 
		adver:	3.6558	0.0266	0.0048	0.9690	31.1718	31.9331

backgrou_AVG:		3.6558	0.0266	0.0048	0.9690	31.1718	31.9331

basic: 
		511:	6.8602	0.0809	0.0039	0.9363	26.1866	28.2366
		Blurr:	13.5519	0.2760	0.1207	0.8581	22.6955	23.5713

basic_AVG:		10.2060	0.1784	0.0623	0.8972	24.4411	25.9040

clutter: 
		Board:	19.5239	0.2025	0.0942	0.8050	16.7349	17.9569
		boule:	11.8162	0.2031	0.0723	0.6517	22.0095	23.3551

clutter_AVG:		15.6701	0.2028	0.0833	0.7283	19.3722	20.6560

illumina: 
		Camer:	23.4100	0.1922	0.0554	0.6124	12.7857	14.0693

illumina_AVG:		23.4100	0.1922	0.0554	0.6124	12.7857	14.0693

intermit: 
		AVSS2:	20.9236	0.2147	0.1345	0.7396	16.0660	17.1168
		busSt:	8.6522	0.1154	0.0266	0.8592	22.1524	23.1279

intermit_AVG:		14.7879	0.1650	0.0805	0.7994	19.1092	20.1223

jitter: 
		badmi:	8.0977	0.1033	0.0218	0.7754	24.4920	25.2862
		boule:	14.9057	0.2116	0.0569	0.7925	18.9637	20.3752

jitter_AVG:		11.5017	0.1575	0.0394	0.7839	21.7278	22.8307

veryLong: 
		BusSt:	8.4319	0.0917	0.0017	0.9614	25.6902	26.2921

veryLong_AVG:		8.4319	0.0917	0.0017	0.9614	25.6902	26.2921

Total:			12.5233	0.1449	0.0468	0.8217	22.0426	23.1154
		video	AGE	pEPs	pCEPs	MSSSIM	PSNR	CQM
backgrou: 
		adver:	3.6558	0.0266	0.0048	0.9690	31.1718	31.9331

backgrou_AVG:		3.6558	0.0266	0.0048	0.9690	31.1718	31.9331

basic: 
		511:	6.8602	0.0809	0.0039	0.9363	26.1866	28.2366
		Blurr:	13.5519	0.2760	0.1207	0.8581	22.6955	23.5713

basic_AVG:		10.2060	0.1784	0.0623	0.8972	24.4411	25.9040

clutter: 
		Board:	19.5239	0.2025	0.0942	0.8050	16.7349	17.9569
		boule:	11.8162	0.2031	0.0723	0.6517	22.0095	23.3551

clutter_AVG:		15.6701	0.2028	0.0833	0.7283	19.3722	20.6560

illumina: 
		Camer:	32.3810	0.8087	0.6597	0.7515	17.2021	18.2287

illumina_AVG:		32.3810	0.8087	0.6597	0.7515	17.2021	18.2287

intermit: 
		AVSS2:	20.9236	0.2147	0.1345	0.7396	16.0660	17.1168
		busSt:	8.6522	0.1154	0.0266	0.8592	22.1524	23.1279

intermit_AVG:		14.7879	0.1650	0.0805	0.7994	19.1092	20.1223

jitter: 
		badmi:	8.0977	0.1033	0.0218	0.7754	24.4920	25.2862
		boule:	14.9057	0.2116	0.0569	0.7925	18.9637	20.3752

jitter_AVG:		11.5017	0.1575	0.0394	0.7839	21.7278	22.8307

veryLong: 
		BusSt:	8.4319	0.0917	0.0017	0.9614	25.6902	26.2921

veryLong_AVG:		8.4319	0.0917	0.0017	0.9614	25.6902	26.2921

Total:			13.8049	0.2330	0.1331	0.8415	22.6735	23.7096
